ID: 2020-03-06 17:09:24.948227	Date: 2020-03-06 17:09:24	Runs: 10
=================================================================================================================
Run: 0
Iter	Gbest	AvrFit	Diver	ETime	
0	1.0000	0.0200	1.0000	24584.0323
1	1.0000	0.0400	0.9809	34935.5788
2	1.0000	0.0400	0.9735	44879.1623
3	1.0000	0.0800	0.9717	55773.0324
4	1.0000	0.0800	0.9632	65138.2072
5	1.0000	0.1000	0.9466	74678.5867
6	2.0000	0.1400	0.9654	85970.5791
7	2.0000	0.1600	0.9757	95267.3395
8	3.0000	0.2600	0.9692	106151.8807
9	3.0000	0.3200	0.9695	118413.9764
10	3.0000	0.4000	1.0000	129358.5334
11	3.0000	0.4200	0.9773	139549.2003
12	3.0000	0.4400	0.9571	150064.9714
13	3.0000	0.4400	0.9590	161565.3341
14	3.0000	0.4600	0.9380	172085.5203
15	3.0000	0.5600	0.9197	184042.4340
16	3.0000	0.6400	0.9409	199040.1282
17	3.0000	0.6400	0.9387	214164.9487
18	3.0000	0.7200	0.9095	230087.1706
19	3.0000	0.7400	0.9258	246103.0169
20	3.0000	0.7800	0.8948	264213.9952
21	4.0000	0.9200	0.8810	283360.7059
22	4.0000	0.9600	0.8814	303966.1667
23	4.0000	1.0600	0.8556	324383.5778
24	4.0000	1.0800	0.8795	343297.9314
25	4.0000	1.1600	0.8599	364762.1899
26	4.0000	1.2200	0.8118	384612.7372
27	4.0000	1.2600	0.8246	403937.8874
28	4.0000	1.3400	0.8056	424781.4622
29	4.0000	1.4000	0.7677	445156.0740
30	4.0000	1.4600	0.7689	466571.0332
31	4.0000	1.7200	0.7716	489519.1207
32	4.0000	1.8600	0.6845	513332.9809
33	4.0000	2.0800	0.6790	537812.2649
34	4.0000	2.3200	0.6546	563086.7016
35	4.0000	2.3800	0.6522	587610.0171
36	4.0000	2.5000	0.6709	612578.1279
37	4.0000	2.5400	0.6810	637482.6677
38	4.0000	2.5400	0.6733	662361.6619
39	5.0000	2.7200	0.6746	687242.3847
40	5.0000	2.8000	0.6964	712211.4789
41	5.0000	2.8000	0.7033	737953.7864
42	5.0000	2.8400	0.6899	763104.0173
43	5.0000	2.8400	0.6935	787053.5314
44	5.0000	2.9200	0.6722	812031.7860
45	5.0000	2.9200	0.6728	837145.7326
46	5.0000	2.9800	0.6886	862257.6611
47	5.0000	3.0000	0.6926	887290.9544
48	5.0000	3.0400	0.6906	912209.6875
49	5.0000	3.0600	0.7118	937508.0810
50	5.0000	3.1200	0.7054	962376.5945
51	5.0000	3.1400	0.7054	986749.1910
52	5.0000	3.1600	0.7015	1012400.6770
53	5.0000	3.2000	0.7481	1037844.6171
54	5.0000	3.2800	0.7649	1063169.8468
55	5.0000	3.3600	0.7801	1088531.4789
56	5.0000	3.4200	0.7739	1114491.6852
57	5.0000	3.4400	0.7601	1139978.3506
58	5.0000	3.4600	0.7654	1164870.0550
59	5.0000	3.4600	0.7601	1190594.1863
Pos: [1340.7419425956639, 791.7616423932885, -28.480825448553112, 0.8285658489631903]

Run: 1
Iter	Gbest	AvrFit	Diver	ETime	
0	1.0000	0.0200	1.0000	24007.8418
1	1.0000	0.0400	1.0000	32115.9616
2	1.0000	0.0600	0.9811	43704.5627
3	1.0000	0.0600	1.0000	57045.5832
4	1.0000	0.0800	0.9937	68333.5197
5	12.0000	0.3200	1.0000	78258.9219
6	12.0000	0.3200	0.9988	88268.7590
7	12.0000	0.3400	0.9714	98738.8527
8	12.0000	0.3600	0.9656	109589.5796
9	12.0000	0.3600	0.9573	119738.9948
10	12.0000	0.4400	1.0000	130408.4389
11	12.0000	0.5800	0.9336	142269.4175
12	12.0000	0.6400	0.9483	153089.8471
13	12.0000	0.6600	0.9437	164771.5890
14	12.0000	0.7000	0.9726	178011.3719
15	12.0000	0.7200	0.9513	192712.4352
16	12.0000	0.7600	0.9667	209747.9875
17	12.0000	0.9200	0.9436	227248.4334
18	12.0000	0.9200	0.9424	243919.0075
19	12.0000	1.0400	0.9319	260679.8410
20	12.0000	1.1200	0.9410	277629.7758
21	30.0000	1.8600	0.9411	293304.2340
22	30.0000	2.2000	0.9150	306791.9557
23	30.0000	2.2600	0.9221	324898.5198
24	30.0000	2.3600	0.9487	340872.3171
25	30.0000	2.8600	0.9254	361874.8145
26	30.0000	2.9400	0.8970	381427.5830
27	30.0000	3.6000	0.9115	401719.2984
28	30.0000	4.4000	0.9031	423258.6422
29	35.0000	4.7800	0.8989	443532.9487
30	35.0000	4.8000	0.8923	462457.4478
31	35.0000	4.8400	0.8996	478512.1779
32	35.0000	5.4400	0.8817	499134.3465
33	35.0000	5.9400	0.8713	521689.7001
34	35.0000	6.2800	0.8651	540858.1920
35	35.0000	6.6800	0.8870	561700.9120
36	35.0000	6.8600	0.9098	583668.4511
37	35.0000	8.2000	0.8988	603692.2216
38	35.0000	9.0600	0.8964	625930.3157
39	35.0000	9.6200	0.9092	647357.2471
40	35.0000	10.3000	0.8950	667042.5870
41	35.0000	11.0200	0.8743	690888.3269
42	35.0000	11.7600	0.8696	714225.5428
43	35.0000	12.3600	0.8498	733577.7371
44	35.0000	12.5800	0.8495	754968.5559
45	35.0000	13.6200	0.8329	775418.5057
46	35.0000	13.9800	0.8288	797491.8575
47	35.0000	14.9200	0.8130	818977.3009
48	35.0000	15.6600	0.8113	840918.2417
49	35.0000	16.2400	0.8102	865161.1087
50	41.0000	17.1200	0.8054	888294.7102
51	41.0000	20.2200	0.7377	909601.2471
52	41.0000	21.6000	0.7143	929556.2794
53	41.0000	22.3800	0.6716	950541.6319
54	41.0000	23.8600	0.6470	972090.6553
55	41.0000	24.3600	0.6204	995625.5195
56	41.0000	26.7600	0.5924	1018545.9681
57	42.0000	27.6400	0.5715	1042617.2004
58	42.0000	29.3600	0.5469	1065052.6445
59	42.0000	30.4800	0.5247	1086202.3857
Pos: [870.9774432824684, 359.95855215496056, -3.9141623844710494, 0.9329162555723819]

Run: 2
Iter	Gbest	AvrFit	Diver	ETime	
0	7.0000	0.1600	1.0000	26610.9204
1	7.0000	0.1600	0.9849	34928.9978
2	7.0000	0.2600	0.9576	46946.7237
3	22.0000	0.6800	0.9968	57654.2792
4	22.0000	0.7000	0.9876	69319.4449
5	22.0000	0.7200	0.9661	78783.0360
6	22.0000	0.9400	0.9717	87837.0922
7	22.0000	1.0000	0.9801	100437.8431
8	27.0000	1.3800	0.9794	115273.5982
9	27.0000	1.4400	0.9603	128350.5328
10	27.0000	1.5800	0.9742	140943.6340
11	27.0000	1.8000	0.9373	155852.6371
12	28.0000	2.6000	0.9362	169821.6953
13	28.0000	2.6400	0.9466	181787.7510
14	28.0000	3.1800	0.9479	194184.5410
15	28.0000	3.2600	0.9493	209074.8849
16	30.0000	3.7600	0.9734	224678.4806
17	30.0000	3.7800	0.9692	241174.7627
18	30.0000	3.8000	0.9699	259172.5879
19	30.0000	3.9000	0.9507	277285.8808
20	30.0000	4.0800	0.9112	297215.9362
21	30.0000	4.2400	0.9062	317259.3873
22	30.0000	4.2600	0.9011	336943.3603
23	30.0000	4.3600	0.8752	356853.2512
24	30.0000	4.7800	0.8711	376693.9983
25	30.0000	5.1200	0.8634	399635.7486
26	30.0000	5.5400	0.8526	420559.6414
27	30.0000	6.9200	0.8623	440521.6296
28	30.0000	7.6200	0.8369	459931.3447
29	33.0000	8.6800	0.8337	481886.5902
30	33.0000	9.1000	0.8367	501938.2615
31	33.0000	9.4400	0.8230	522494.0240
32	33.0000	9.9000	0.8257	543944.9658
33	33.0000	11.4000	0.8123	564642.4711
34	33.0000	12.2400	0.7767	583001.0259
35	33.0000	12.8600	0.7673	605513.2523
36	33.0000	14.0600	0.7688	627958.3099
37	33.0000	15.1400	0.7319	649554.0996
38	35.0000	16.5800	0.7154	672272.7208
39	35.0000	17.4800	0.7046	694531.7914
40	35.0000	19.4400	0.6757	716438.4446
41	35.0000	20.7400	0.6537	737133.6458
42	36.0000	22.4400	0.6283	759426.6312
43	36.0000	23.2400	0.6173	780113.2011
44	36.0000	23.8200	0.6136	801780.9491
45	36.0000	24.7000	0.6119	822991.9357
46	36.0000	25.0200	0.5950	844586.4444
47	36.0000	26.0400	0.5756	867062.2258
48	36.0000	27.2200	0.5624	890196.2569
49	36.0000	28.3000	0.5378	911654.2847
50	36.0000	28.9800	0.5360	936042.2547
51	36.0000	29.5200	0.5317	960496.8104
52	38.0000	30.2800	0.5292	981960.5756
53	39.0000	30.9200	0.5147	1005576.6306
54	39.0000	31.3200	0.4944	1030564.5461
55	39.0000	31.6800	0.4966	1054561.1839
56	39.0000	32.2600	0.4976	1079156.2126
57	39.0000	32.7000	0.4829	1104665.4732
58	39.0000	33.0400	0.4735	1128606.7753
59	39.0000	33.1400	0.4759	1154643.5888
Pos: [910.3924117135768, 365.02872685462506, -2.258470309280685, 0.8265060599649462]

Run: 3
Iter	Gbest	AvrFit	Diver	ETime	
0	1.0000	0.1200	1.0000	31142.5385
1	2.0000	0.2200	1.0000	44292.2764
2	2.0000	0.2400	0.9631	55296.7331
3	8.0000	0.4600	0.9624	68187.3655
4	8.0000	0.5400	0.9674	81494.4556
5	11.0000	0.9000	0.9452	94343.4577
6	24.0000	1.3200	0.8993	110168.8693
7	24.0000	1.7600	0.8889	126506.7692
8	24.0000	2.4400	0.8602	143988.8303
9	24.0000	2.7200	0.8558	159403.5757
10	24.0000	3.8600	0.8377	175518.4224
11	24.0000	4.6800	0.8954	189490.7727
12	24.0000	4.9600	0.8706	206022.6960
13	39.0000	5.7200	0.8500	222627.8720
14	39.0000	6.5600	0.8396	240741.7910
15	39.0000	7.4800	0.8175	256912.1468
16	39.0000	7.7000	0.8062	278495.7550
17	39.0000	9.5000	0.7616	301571.0602
18	39.0000	11.5000	0.7750	324050.1227
19	39.0000	12.8400	0.7320	345630.9545
20	39.0000	14.5000	0.6806	362665.1647
21	39.0000	16.1200	0.6678	383289.1271
22	39.0000	17.6400	0.6365	405909.5738
23	42.0000	20.0600	0.6157	428643.8413
24	42.0000	20.5400	0.6140	451835.8634
25	42.0000	21.5400	0.5991	473679.1227
26	42.0000	24.1000	0.5862	497696.0957
27	42.0000	24.7800	0.5867	519687.7911
28	42.0000	25.9600	0.5770	544739.0964
29	42.0000	27.0600	0.5787	568827.7719
30	42.0000	29.0800	0.5647	591774.5807
31	42.0000	29.7800	0.5387	613956.3289
32	42.0000	30.5800	0.5311	637627.5558
33	42.0000	31.9000	0.5238	662563.1564
34	42.0000	32.4000	0.5129	687513.8340
35	42.0000	33.9600	0.4677	712426.4228
36	42.0000	34.5200	0.4500	736849.4129
37	42.0000	35.0400	0.4431	761821.3034
38	42.0000	35.1600	0.4474	785254.3125
39	42.0000	35.6200	0.4382	810759.2247
40	42.0000	36.0000	0.4432	836135.5040
41	42.0000	36.2600	0.4360	861016.4535
42	42.0000	36.5600	0.4261	885264.7111
43	42.0000	36.9400	0.4346	910820.4989
44	42.0000	37.1400	0.4352	936142.4499
45	43.0000	37.5400	0.4281	961632.9505
46	46.0000	37.8800	0.4252	987286.5102
47	46.0000	37.9400	0.4236	1012831.4559
48	46.0000	38.2200	0.4166	1036743.3636
49	47.0000	38.6600	0.4251	1062149.1010
50	47.0000	38.6600	0.4177	1087011.9638
51	47.0000	39.0400	0.4090	1111866.0901
52	47.0000	39.2200	0.4097	1137357.5225
53	47.0000	39.4800	0.3969	1162949.7786
54	47.0000	39.7600	0.3890	1187996.6483
55	48.0000	39.9000	0.3836	1213106.9882
56	48.0000	39.9600	0.3850	1237530.0782
57	49.0000	40.2000	0.3913	1261954.8056
58	49.0000	40.2600	0.3852	1286415.6380
59	49.0000	40.4000	0.3947	1312042.3231
Pos: [843.0299471862296, 334.5016139785671, -1.6682395866716044, 0.9858552308946622]

Run: 4
Iter	Gbest	AvrFit	Diver	ETime	
0	1.0000	0.0400	1.0000	22386.9174
1	1.0000	0.0600	1.0000	33951.5500
2	5.0000	0.2400	0.9559	43941.3283
3	5.0000	0.3400	0.9672	54239.1863
4	5.0000	0.3600	0.9487	65874.2535
5	5.0000	0.3800	0.9540	76271.9796
6	5.0000	0.4000	0.9858	89686.3625
7	5.0000	0.4600	0.9924	106191.2994
8	5.0000	0.5400	0.9713	123847.9338
9	5.0000	0.6600	0.9696	143297.1473
10	5.0000	0.8400	0.9543	164330.9224
11	5.0000	0.8400	0.9558	184291.0898
12	5.0000	0.8800	0.9358	205816.7961
13	9.0000	1.1200	0.9323	227563.1402
14	12.0000	1.2600	0.9285	248297.8818
15	12.0000	1.3200	0.9237	266413.8937
16	12.0000	1.6600	0.9791	286933.9693
17	12.0000	1.8200	0.9348	304902.9036
18	12.0000	2.2200	0.9310	322214.6587
19	12.0000	2.2200	0.9420	339632.3822
20	12.0000	2.5800	0.9552	360155.6807
21	13.0000	2.9600	0.9609	380236.4645
22	15.0000	3.7000	0.9444	401189.0042
23	21.0000	4.1200	0.9637	418053.6921
24	21.0000	4.2600	0.9349	439050.1974
25	21.0000	4.6600	0.9413	461072.3424
26	21.0000	5.8600	0.8847	484188.1371
27	21.0000	6.5600	0.8524	505680.3520
28	21.0000	7.3200	0.8390	527750.5774
29	29.0000	8.2000	0.8295	551679.7416
30	29.0000	8.5600	0.8128	571970.8643
31	29.0000	8.9200	0.8075	592862.8931
32	29.0000	9.1000	0.8029	613163.9433
33	29.0000	10.0400	0.7930	635573.5867
34	38.0000	11.2600	0.7774	658763.1922
35	38.0000	11.7000	0.7577	680395.6237
36	38.0000	11.8800	0.7628	701676.6057
37	38.0000	12.9600	0.7399	723084.5988
38	38.0000	13.8800	0.7445	747650.0843
39	38.0000	14.4200	0.7467	770091.2583
40	38.0000	15.0000	0.7477	792208.8432
41	38.0000	15.4600	0.7478	815847.8956
42	38.0000	16.4200	0.7189	837228.4224
43	38.0000	18.2600	0.6991	860653.9357
44	38.0000	18.7200	0.6929	882652.3430
45	38.0000	19.2600	0.6988	904135.6800
46	38.0000	20.4800	0.6775	926222.8065
47	38.0000	22.0200	0.6253	949922.0481
48	38.0000	22.9800	0.6199	973256.5367
49	38.0000	23.4400	0.6180	998011.2100
50	38.0000	24.5400	0.5878	1020698.3278
51	38.0000	25.3800	0.5975	1045183.6133
52	38.0000	26.5200	0.5711	1067523.6003
53	38.0000	26.9600	0.5631	1092783.2718
54	38.0000	27.5600	0.5521	1116847.9018
55	38.0000	28.1400	0.5480	1142007.4539
56	38.0000	28.8200	0.5279	1164804.6288
57	38.0000	29.5200	0.5277	1189378.4187
58	38.0000	29.8000	0.5206	1213433.9180
59	38.0000	30.0800	0.5138	1237151.2997
Pos: [917.3833050988992, 392.51061211382233, -4.571799934134905, 0.829187099064605]

Run: 5
Iter	Gbest	AvrFit	Diver	ETime	
0	2.0000	0.0800	1.0000	26012.5771
1	2.0000	0.1200	1.0000	35873.4782
2	4.0000	0.2000	0.9514	48139.2641
3	4.0000	0.2200	0.9330	58017.7765
4	4.0000	0.2600	0.9406	66899.4975
5	4.0000	0.2800	0.9675	76203.9483
6	4.0000	0.3200	0.9639	85844.9697
7	4.0000	0.3200	0.9738	95607.0633
8	4.0000	0.4600	0.9217	108346.4844
9	4.0000	0.5000	0.9205	121506.0854
10	4.0000	0.5800	0.9294	133225.1000
11	4.0000	0.5800	0.9332	146736.9897
12	4.0000	0.7400	0.9256	160973.4266
13	4.0000	0.7800	0.9370	177607.7123
14	4.0000	0.8400	0.9595	195702.2495
15	26.0000	1.5000	0.9479	214279.0105
16	26.0000	1.6000	0.9294	231297.1537
17	26.0000	1.7200	0.8918	248753.9997
18	26.0000	1.8600	0.9176	268218.6811
19	26.0000	1.9200	0.9265	283603.4429
20	26.0000	2.5800	0.9217	302750.5703
21	26.0000	2.6400	0.9382	321652.2536
22	26.0000	2.8400	0.9311	340720.1173
23	26.0000	3.4000	0.9294	358731.5431
24	26.0000	3.6400	0.9310	379234.2076
25	26.0000	3.7600	0.9128	399392.8182
26	26.0000	4.1600	0.9092	422933.0440
27	26.0000	4.4600	0.8994	445271.9424
28	26.0000	5.5600	0.8649	467767.7228
29	26.0000	6.4400	0.8831	489986.8867
30	26.0000	6.8000	0.8609	511858.2335
31	26.0000	7.2400	0.8698	533808.7423
32	26.0000	7.6000	0.8624	555428.2222
33	26.0000	8.0200	0.8505	576150.6901
34	35.0000	9.2600	0.8575	597848.3932
35	35.0000	9.8200	0.8640	622370.0857
36	35.0000	10.0000	0.8620	644308.4748
37	35.0000	11.1400	0.8552	666333.4389
38	35.0000	11.4600	0.8467	688294.6656
39	35.0000	11.4600	0.8350	709277.7748
40	35.0000	11.4800	0.8185	729119.6158
41	35.0000	12.5200	0.8093	752500.8364
42	35.0000	13.0000	0.8049	774043.4134
43	37.0000	13.8800	0.7961	796351.6297
44	37.0000	14.7200	0.7590	818745.7318
45	37.0000	15.4800	0.7501	841173.1932
46	37.0000	16.4600	0.7484	862202.5762
47	37.0000	16.8800	0.7586	881770.6208
48	37.0000	17.3400	0.7390	901675.1084
49	37.0000	17.9000	0.7366	923066.0439
50	37.0000	18.0800	0.7357	945028.0612
51	37.0000	19.2200	0.6957	966437.0809
52	37.0000	20.7000	0.6824	987820.0688
53	37.0000	21.6600	0.6861	1009245.4553
54	37.0000	23.0400	0.6764	1032214.2746
55	37.0000	23.6400	0.6655	1054544.4419
56	37.0000	24.3600	0.6436	1076409.8263
57	37.0000	24.7400	0.6409	1097239.4547
58	37.0000	25.8600	0.6165	1118725.2393
59	38.0000	27.3200	0.5829	1142572.2713
Pos: [846.0440305021074, 382.4196055558404, 8.250081549393833, 0.8640715595846832]

Run: 6
Iter	Gbest	AvrFit	Diver	ETime	
0	1.0000	0.0400	1.0000	25580.3945
1	1.0000	0.0400	0.9651	37398.3428
2	3.0000	0.1200	0.9718	49235.6362
3	3.0000	0.1200	0.9692	62098.6981
4	3.0000	0.1600	0.9972	72079.5536
5	3.0000	0.2200	0.9606	84554.5728
6	3.0000	0.2600	0.9512	98430.2678
7	3.0000	0.3200	0.9346	112398.1259
8	22.0000	1.4600	0.9731	126829.1564
9	22.0000	1.5400	0.9781	139878.0513
10	22.0000	1.6000	0.9441	153014.9965
11	35.0000	2.3400	0.9434	168608.2623
12	35.0000	2.4200	0.9259	184290.4971
13	35.0000	2.9800	0.9069	202155.7772
14	35.0000	3.7400	0.9008	217046.5622
15	35.0000	3.8600	0.9083	234503.6688
16	35.0000	3.9600	0.8862	252967.5639
17	35.0000	4.6000	0.8826	267877.3799
18	35.0000	5.3400	0.8574	285884.3386
19	35.0000	5.7600	0.8634	304708.1449
20	35.0000	6.0400	0.8578	322160.7137
21	35.0000	6.2400	0.8246	337306.9005
22	35.0000	6.9000	0.8392	354470.4826
23	35.0000	7.6200	0.8275	373433.6836
24	35.0000	8.1200	0.8610	394407.1424
25	35.0000	8.8600	0.8416	413927.3050
26	35.0000	9.0400	0.8398	435303.1096
27	35.0000	9.8800	0.8077	456648.0348
28	35.0000	10.8400	0.8007	478582.0699
29	35.0000	11.7600	0.7930	500613.1551
30	35.0000	12.1600	0.7806	522452.8732
31	35.0000	12.8600	0.7773	543364.9936
32	37.0000	13.9800	0.7675	564797.2403
33	37.0000	14.2800	0.7689	586342.5567
34	37.0000	15.4800	0.7492	608438.0693
35	37.0000	16.1800	0.7386	629511.6758
36	37.0000	17.5600	0.7302	651405.1108
37	37.0000	18.7000	0.7285	674346.1254
38	37.0000	18.9400	0.7289	697338.4719
39	37.0000	19.4200	0.7231	717781.2107
40	38.0000	20.4400	0.7193	740217.2575
41	38.0000	21.6000	0.6999	763168.7517
42	38.0000	21.7000	0.7026	786516.4278
43	38.0000	22.3400	0.6930	807347.1200
44	38.0000	22.9000	0.6598	829683.9964
45	39.0000	23.1400	0.6435	850562.9048
46	39.0000	23.6200	0.6462	871400.4836
47	39.0000	24.4800	0.6279	892662.1284
48	39.0000	25.6800	0.6195	914531.7228
49	39.0000	26.5400	0.6112	937423.1915
50	39.0000	27.7200	0.5810	959701.9358
51	39.0000	28.6600	0.5403	980104.4469
52	39.0000	29.0000	0.5404	1002391.1996
53	39.0000	29.2600	0.5335	1023817.1904
54	39.0000	29.9200	0.5419	1045272.0728
55	41.0000	31.0600	0.5440	1066528.6143
56	41.0000	31.3000	0.5481	1088067.5602
57	41.0000	31.9000	0.5300	1110063.9477
58	41.0000	32.1400	0.5196	1133448.3986
59	43.0000	32.4400	0.5136	1157911.0718
Pos: [849.6877723903239, 351.1001105870223, -2.757043260793857, 0.9474349540152485]

Run: 7
Iter	Gbest	AvrFit	Diver	ETime	
0	30.0000	0.6600	1.0000	24582.9008
1	30.0000	0.7200	0.9792	33453.6994
2	32.0000	0.7600	0.9900	45518.9264
3	32.0000	0.7800	0.9814	55209.0688
4	32.0000	0.8000	0.9721	66570.1761
5	32.0000	0.8400	0.9958	77730.1712
6	32.0000	1.0400	0.9638	91254.4618
7	32.0000	1.1400	0.9142	101544.0779
8	32.0000	1.1600	0.9562	111662.7052
9	32.0000	1.4600	0.9725	124769.3000
10	32.0000	1.8600	0.9446	135485.5812
11	32.0000	2.5200	0.9539	146140.7013
12	32.0000	2.7200	0.9526	160213.6900
13	32.0000	2.7200	0.9556	173766.4692
14	32.0000	2.7600	0.9413	187780.4456
15	32.0000	2.8200	0.9310	201522.6724
16	32.0000	2.8400	0.9413	216520.6685
17	32.0000	3.0000	0.9531	232800.7410
18	32.0000	3.0600	0.9298	246722.6670
19	32.0000	3.2000	0.9392	260693.2130
20	32.0000	3.3000	0.8961	274612.2713
21	32.0000	3.4800	0.9069	291891.2952
22	32.0000	4.3600	0.9103	312230.7193
23	35.0000	5.0800	0.8850	330140.7542
24	35.0000	5.1400	0.9217	348302.8262
25	35.0000	6.6400	0.9198	367341.0630
26	36.0000	7.2200	0.8985	387663.0309
27	36.0000	7.2600	0.8773	407677.5351
28	36.0000	8.5600	0.8477	429736.4025
29	36.0000	9.1600	0.8183	451293.2014
30	36.0000	10.2000	0.8103	472355.7079
31	38.0000	11.0800	0.7707	494894.8281
32	38.0000	11.5200	0.7918	516364.4962
33	38.0000	12.0600	0.7742	537857.6667
34	38.0000	12.9400	0.7707	559095.8922
35	38.0000	15.0200	0.7604	580150.2256
36	39.0000	17.0200	0.7296	600424.5641
37	39.0000	18.4800	0.7197	623496.0027
38	39.0000	20.0600	0.7005	646829.2155
39	39.0000	22.5000	0.6674	670947.9034
40	39.0000	23.6000	0.6600	694992.6658
41	39.0000	25.4000	0.6333	720019.3832
42	39.0000	26.4400	0.6188	743991.3416
43	39.0000	28.8200	0.5736	767634.1498
44	39.0000	29.6400	0.5299	789796.4358
45	39.0000	30.5800	0.5244	814272.4845
46	39.0000	31.2200	0.5059	837925.6582
47	39.0000	31.5600	0.5044	863094.3847
48	40.0000	32.2200	0.4817	887304.8007
49	40.0000	33.0000	0.4822	911746.5532
50	42.0000	34.2600	0.4644	936440.8729
51	42.0000	34.6800	0.4643	962079.3545
52	42.0000	34.9000	0.4668	986452.3151
53	42.0000	35.1000	0.4573	1010860.6620
54	42.0000	35.9200	0.4269	1035538.7530
55	42.0000	36.2400	0.4148	1060535.4693
56	43.0000	36.6200	0.4182	1086294.1177
57	45.0000	37.0200	0.4181	1112196.0008
58	45.0000	37.0800	0.4167	1137581.2485
59	45.0000	37.3000	0.4167	1163625.7412
Pos: [849.2448709539083, 375.8727192426742, 2.8760926797686226, 0.9699803449386376]

Run: 8
Iter	Gbest	AvrFit	Diver	ETime	
0	5.0000	0.1800	1.0000	24595.6278
1	5.0000	0.3000	0.9855	36894.2001
2	5.0000	0.3800	0.9507	52471.1294
3	5.0000	0.4400	0.9370	68528.5072
4	5.0000	0.4600	0.9152	82422.3800
5	5.0000	0.5800	0.9445	99978.3623
6	5.0000	0.5800	0.9682	117625.7465
7	5.0000	0.6000	0.9562	135202.4951
8	5.0000	0.7000	0.9687	151718.1966
9	5.0000	0.7400	0.9143	166779.3324
10	7.0000	0.8400	0.9383	181804.6834
11	7.0000	1.0000	0.9307	195669.0009
12	7.0000	1.0400	0.9533	211685.0436
13	7.0000	1.1000	0.9134	229456.3267
14	7.0000	1.1800	0.9172	248655.6704
15	7.0000	1.2400	0.9220	265934.3202
16	7.0000	1.4600	0.8994	284225.2326
17	32.0000	2.1200	0.8936	302510.9572
18	32.0000	2.3000	0.8925	321376.9217
19	32.0000	2.8200	0.8934	341631.3794
20	32.0000	3.8600	0.8596	364518.8401
21	32.0000	4.3000	0.8368	385338.1908
22	32.0000	4.6200	0.8304	404459.5301
23	32.0000	5.9400	0.8137	424720.8314
24	32.0000	6.9000	0.7826	443891.0480
25	35.0000	8.0600	0.7913	463865.9902
26	37.0000	8.8800	0.8080	484904.9065
27	37.0000	9.9400	0.8033	508300.1409
28	37.0000	11.0000	0.7795	531497.6757
29	37.0000	11.7000	0.7784	552901.5350
30	37.0000	14.1000	0.7661	574324.7604
31	37.0000	16.2600	0.7367	593838.7110
32	37.0000	16.3800	0.7370	616116.7314
33	37.0000	16.6200	0.7335	637390.0702
34	37.0000	17.7800	0.7238	659166.1749
35	37.0000	17.9800	0.7239	678125.4225
36	37.0000	18.6600	0.7006	700283.4351
37	37.0000	19.8000	0.6978	723105.1352
38	37.0000	20.2200	0.6823	744968.2808
39	37.0000	21.8400	0.6615	767570.2839
40	37.0000	23.4600	0.6532	790604.7246
41	37.0000	24.4600	0.6281	813653.3878
42	37.0000	25.1400	0.6292	835571.4335
43	37.0000	26.3200	0.6060	857568.7590
44	37.0000	26.8400	0.5933	879558.5310
45	37.0000	27.6000	0.5702	904759.5303
46	38.0000	28.2800	0.5574	927722.6157
47	38.0000	29.3800	0.5371	950620.6641
48	40.0000	31.3200	0.4971	974443.4383
49	40.0000	31.9400	0.4790	997881.5837
50	40.0000	32.3200	0.4785	1021843.2102
51	40.0000	33.1200	0.4745	1046125.0319
52	40.0000	33.3200	0.4734	1069986.4664
53	41.0000	34.1600	0.4459	1094386.2302
54	41.0000	34.5000	0.4393	1117189.8711
55	42.0000	35.0400	0.4376	1139158.8178
56	42.0000	35.4000	0.4351	1162362.5021
57	42.0000	35.7600	0.4396	1187941.8435
58	42.0000	36.0400	0.4311	1210544.7462
59	42.0000	36.1200	0.4294	1232573.6396
Pos: [844.7357421834238, 344.88267635727095, 1.6717458730608894, 0.9326238335011783]

Run: 9
Iter	Gbest	AvrFit	Diver	ETime	
0	9.0000	0.2400	1.0000	22778.8296
1	9.0000	0.3000	0.9684	32972.2044
2	9.0000	0.4000	0.9791	44470.1004
3	9.0000	0.5800	0.9799	56340.2746
4	9.0000	0.7000	0.9540	68302.0840
5	15.0000	1.1400	0.9164	83345.8829
6	15.0000	1.2600	0.9129	99834.2197
7	15.0000	1.2800	0.8767	115421.0427
8	15.0000	1.4600	0.8894	130717.8218
9	15.0000	1.5800	0.8815	147494.6709
10	15.0000	1.8200	0.8856	165410.9132
11	17.0000	1.9600	0.8795	186764.7779
12	17.0000	2.1400	0.8839	207020.6645
13	17.0000	2.3200	0.8749	227666.6021
14	22.0000	2.8400	0.8738	248229.4641
15	22.0000	2.9200	0.9101	267887.8748
16	22.0000	3.0400	0.9070	286721.1745
17	29.0000	3.7800	0.8946	307038.0003
18	29.0000	3.9200	0.8824	325363.6832
19	29.0000	4.2800	0.8647	343149.5054
20	29.0000	4.5400	0.8654	363451.5798
21	35.0000	5.9800	0.8555	384598.5291
22	35.0000	6.5000	0.8189	403441.7915
23	35.0000	7.4200	0.8334	422234.9346
24	35.0000	8.2400	0.8212	442661.4199
25	35.0000	9.3200	0.8301	463911.3283
26	35.0000	9.6000	0.8315	484169.2429
27	35.0000	10.6400	0.8299	503948.5445
28	35.0000	10.9800	0.8261	521889.8261
29	35.0000	12.4600	0.7967	542508.8694
30	35.0000	13.8200	0.7920	563549.4044
31	35.0000	14.5200	0.7689	584454.1214
32	35.0000	15.4200	0.7730	606880.1279
33	35.0000	17.0000	0.7455	624827.7659
34	35.0000	17.9400	0.7156	645248.9312
35	35.0000	18.2000	0.7106	665403.6148
36	35.0000	19.0000	0.6898	684692.1954
37	35.0000	20.0600	0.6746	706954.8416
38	35.0000	20.9600	0.6239	728150.7971
39	35.0000	21.7600	0.5990	749852.6039
40	35.0000	24.0000	0.5619	770540.9198
41	35.0000	25.4800	0.5500	793287.4506
42	35.0000	26.0400	0.5407	814154.9006
43	35.0000	27.5200	0.5212	836046.1924
44	36.0000	28.0400	0.5258	859107.8150
45	37.0000	28.3400	0.5286	879728.0893
46	37.0000	28.6600	0.5280	901967.4079
47	37.0000	28.7800	0.5338	925785.4099
48	37.0000	29.9200	0.5233	948304.9636
49	37.0000	30.2400	0.5283	970897.0106
50	37.0000	30.2800	0.5293	994069.1051
51	37.0000	30.5400	0.5243	1016620.0092
52	37.0000	30.8200	0.5232	1038415.6039
53	37.0000	31.0600	0.5221	1059258.7013
54	38.0000	31.7800	0.5074	1081964.8383
55	40.0000	32.0000	0.5098	1102682.8125
56	40.0000	32.2400	0.4930	1125503.8328
57	40.0000	32.4200	0.4894	1147646.1618
58	40.0000	32.4800	0.4921	1171430.8567
59	40.0000	32.8400	0.4898	1195746.8035
Pos: [838.3183022792045, 377.6229235822387, -3.579771320208577, 0.9324258789878581]

=================================================================================================================